 10 59.1951
 20 63.1220
 30 63.1220
 40 63.1220
 50 63.1220
 60 63.1220
 70 63.1220
 80 63.1220
 90 63.1220
100 63.1220
110 63.1220
120 63.1220
130 63.1220
140 63.1220
150 93.8763
160 93.8763
170 93.8763
180 93.8763
190 93.8763
200 93.8763
210 97.5894
220 97.5894
230 97.5894
240 97.5894
250 97.5894
260 97.5894
270 97.5894
280 97.5894
290 97.5894
300 97.5894
310 97.5894
320 97.5894
330 97.5894
340 97.5894
350 97.5894
360 97.5894
370 97.5894
380 97.5894
390 97.5894
400 97.5894
410 97.5894
420 97.5894
430 97.5894
440 97.5894
450 97.5894
460 97.5894
470 97.5894
480 97.5894
490 97.5894
500 97.5894
